0 0.946521 0.547484 0.106435 0.771877
0 0.687774 0.583597 0.463257 0.814794
0 0.416686 0.456583 0.242364 0.512051
0 0.29792 0.535107 0.475936 0.661772
0 0.464299 0.490296 0.339333 0.580391
0 0.345305 0.588329 0.597118 0.759926
73 0.81249 0.235465 0.0245176 0.134629
73 0.820192 0.234284 0.0674473 0.140326
73 0.829019 0.233631 0.0210581 0.13018
1 0.796889 0.0815357 0.13169 0.145285
73 0.833432 0.236766 0.0225132 0.128534
58 0.461971 0.266577 0.0574417 0.179668
73 0.820353 0.235472 0.032116 0.133795
73 0.822707 0.237399 0.0195742 0.129479
73 0.839942 0.236291 0.0184143 0.129186
13 0.0284798 0.538718 0.0567033 0.174615
73 0.825268 0.232726 0.0444721 0.137578
73 0.87567 0.235357 0.0339711 0.13134
58 0.836362 0.378817 0.0719341 0.0745539
59 0.304729 0.714885 0.587045 0.536159
59 0.392228 0.675318 0.764818 0.614443
0 0.322821 0.485808 0.347932 0.564609
59 0.36502 0.761284 0.72946 0.45213
58 0.828871 0.374321 0.0553552 0.0654779
