0 0.799766 0.680094 0.329949 0.614472
63 0.558529 0.742257 0.17917 0.152615
0 0.516805 0.589957 0.21693 0.379715
0 0.192672 0.671391 0.384981 0.634016
41 0.449037 0.909196 0.0682424 0.111124
56 0.721253 0.733555 0.137346 0.122086
0 0.230363 0.647545 0.28147 0.464739
0 0.613675 0.557439 0.0555324 0.173097
56 0.974275 0.890306 0.0508527 0.200773
0 0.384368 0.584881 0.0714996 0.218672
67 0.629143 0.772694 0.0490427 0.0740213
67 0.639925 0.757895 0.0277888 0.0872428
41 0.441379 0.792898 0.0356454 0.120337
73 0.739161 0.949476 0.215373 0.064883
0 0.382909 0.626761 0.0723444 0.306135
41 0.441749 0.814355 0.036203 0.0771143
67 0.388113 0.814576 0.0419183 0.0381185
41 0.435798 0.801077 0.0435112 0.107712
27 0.218302 0.71919 0.0461124 0.213019
67 0.630151 0.78874 0.0525503 0.0524351
66 0.660423 0.873547 0.153357 0.044999
63 0.740213 0.948152 0.219126 0.064999
60 0.565358 0.922012 0.73253 0.147364
0 0.0452921 0.538724 0.0892463 0.348474
0 0.0449335 0.484818 0.0886347 0.242974
41 0.411521 0.88454 0.0352512 0.046059
27 0.207661 0.719228 0.0573673 0.215387
60 0.572244 0.852519 0.755753 0.284963
0 0.376655 0.5318 0.0585517 0.113152
63 0.560177 0.778307 0.207326 0.2348
67 0.323505 0.812788 0.0306383 0.0692281
73 0.660828 0.88115 0.168844 0.0625111
0 0.0621579 0.56196 0.0592231 0.395882
56 0.343031 0.684642 0.0964889 0.204823
