58 0.659771 0.517455 0.139772 0.196856
0 0.383239 0.608113 0.377057 0.561075
13 0.776922 0.717605 0.36366 0.223063
63 0.407526 0.614291 0.113302 0.112946
75 0.664513 0.588838 0.0325317 0.0525774
75 0.664288 0.572644 0.0338164 0.0844896
57 0.289077 0.703695 0.577594 0.462596
75 0.809819 0.588394 0.0450581 0.0716935
73 0.727914 0.602287 0.0956287 0.0380649
57 0.132079 0.706132 0.26361 0.459227
56 0.4595 0.606461 0.233934 0.257924
0 0.311662 0.597513 0.242922 0.555192
45 0.389676 0.868675 0.0671445 0.0593093
57 0.379239 0.605651 0.39486 0.255944
73 0.725509 0.59535 0.0835397 0.0364135
0 0.278217 0.668352 0.184964 0.448074
0 0.268176 0.596453 0.157998 0.55542
39 0.0395232 0.408267 0.0229653 0.05329
75 0.0391061 0.410391 0.0226343 0.0505414
57 0.453759 0.605863 0.246477 0.264277
63 0.417952 0.590088 0.149582 0.159557
