0 0.353934 0.645956 0.444413 0.684585
0 0.541808 0.520515 0.370977 0.937329
41 0.369769 0.669202 0.0649028 0.107199
75 0.73135 0.536313 0.0253048 0.0955514
58 0.777175 0.0738074 0.0596715 0.122552
56 0.249026 0.90141 0.147547 0.193196
65 0.498335 0.535717 0.0616798 0.103394
58 0.566209 0.062203 0.0362722 0.106759
58 0.731709 0.489667 0.0776184 0.187408
57 0.115008 0.705355 0.229665 0.452539
56 0.181135 0.540017 0.137498 0.190166
58 0.900541 0.520411 0.0357563 0.080517
75 0.781458 0.111608 0.0260747 0.0479254
65 0.503311 0.540668 0.0489585 0.0879667
75 0.570598 0.168769 0.0355808 0.0803113
57 0.275448 0.700609 0.548725 0.510985
75 0.900993 0.205761 0.0360099 0.0726646
58 0.731632 0.459158 0.0784072 0.125067
67 0.49994 0.535404 0.0580414 0.100328
58 0.901215 0.206026 0.03615 0.0723355
57 0.0801729 0.710331 0.159757 0.416141
65 0.503756 0.524931 0.050078 0.0777546
73 0.847463 0.541266 0.0216541 0.0834802
