0 0.363752 0.562311 0.527358 0.833876
0 0.658842 0.529026 0.459424 0.913958
58 0.972487 0.281042 0.0540726 0.207366
57 0.759541 0.676737 0.478401 0.62475
57 0.624093 0.741887 0.751814 0.492891
56 0.149336 0.712726 0.231635 0.401145
56 0.927736 0.473955 0.144047 0.18733
57 0.794186 0.738379 0.411628 0.500078
57 0.62672 0.835905 0.734653 0.300608
57 0.153892 0.669493 0.238738 0.309646
57 0.545943 0.613965 0.908114 0.75513
56 0.927971 0.636678 0.143642 0.521197
0 0.928196 0.62678 0.143007 0.501431
65 0.469976 0.597599 0.0226988 0.0357015
57 0.520253 0.81964 0.954272 0.342
57 0.92752 0.620836 0.143862 0.490454
65 0.0177506 0.608029 0.0355012 0.0293938
56 0.810382 0.827417 0.377201 0.324717
57 0.494453 0.676402 0.841356 0.558841
57 0.361448 0.843194 0.20181 0.295846
56 0.81118 0.888334 0.3711 0.21051
0 0.94348 0.713286 0.112138 0.335869
