0 0.601605 0.537998 0.616422 0.846167
45 0.718772 0.912276 0.197391 0.167316
0 0.250201 0.525899 0.500401 0.901299
47 0.97125 0.952479 0.0565319 0.0878983
47 0.909879 0.902836 0.0708664 0.083945
47 0.922381 0.928511 0.154342 0.139692
47 0.971945 0.930782 0.0561099 0.112056
47 0.905406 0.965252 0.0847475 0.0666052
47 0.974026 0.92136 0.050927 0.0687572
47 0.972201 0.901611 0.0555979 0.0706685
60 0.77126 0.91219 0.440898 0.164497
0 0.0445537 0.0869201 0.0867831 0.17384
47 0.978046 0.911923 0.0432413 0.0440995
60 0.652612 0.911715 0.648294 0.16621
0 0.222481 0.0704159 0.0605292 0.0588156
45 0.840116 0.93708 0.0893168 0.0841664
47 0.949715 0.939414 0.0999305 0.117769
0 0.443379 0.529338 0.45091 0.883609
0 0.0631949 0.466634 0.125716 0.179544
47 0.896846 0.927379 0.0965713 0.135212
