0 0.541707 0.482103 0.267044 0.705356
0 0.663601 0.489941 0.195612 0.717964
68 0.504141 0.041665 0.168219 0.0779984
72 0.850128 0.452838 0.0945461 0.778026
24 0.719183 0.699479 0.114577 0.311823
41 0.563215 0.516346 0.0264284 0.094094
72 0.903592 0.501678 0.191864 0.952991
72 0.931174 0.51468 0.135975 0.950708
26 0.700525 0.70511 0.0810482 0.301789
72 0.871285 0.466299 0.126368 0.814566
72 0.122939 0.496188 0.245118 0.987113
24 0.701059 0.703535 0.0805702 0.303593
16 0.452025 0.709586 0.118264 0.0879
26 0.717653 0.699904 0.115558 0.309833
68 0.357911 0.0355992 0.121963 0.0711984
77 0.45079 0.709588 0.112423 0.0905573
41 0.568903 0.516027 0.0371474 0.0871788
