0 0.308941 0.534925 0.502009 0.891496
0 0.739559 0.55552 0.418329 0.8655
58 0.508433 0.207392 0.232231 0.414783
41 0.61653 0.760776 0.0582346 0.0984532
58 0.519316 0.266618 0.111622 0.303354
56 0.121784 0.855608 0.120278 0.268654
41 0.295776 0.572972 0.0621081 0.0897355
67 0.294686 0.573994 0.0648236 0.0905414
56 0.297147 0.852667 0.467639 0.278866
75 0.517256 0.331835 0.105062 0.169859
56 0.517166 0.870349 0.0817316 0.25111
65 0.540378 0.577117 0.0391633 0.0420416
67 0.616684 0.729881 0.0562036 0.0374654
56 0.534404 0.861897 0.0412962 0.223035
75 0.531669 0.219921 0.0216206 0.0711617
56 0.471526 0.884923 0.122046 0.223401
56 0.118044 0.696703 0.131546 0.578064
58 0.730574 0.0854294 0.0689474 0.0788783
