0 0.271359 0.611854 0.224143 0.658511
0 0.482465 0.522845 0.164014 0.813644
56 0.686721 0.657862 0.176101 0.470865
56 0.852629 0.644562 0.16741 0.64393
62 0.641795 0.572371 0.0847344 0.301979
9 0.851408 0.643807 0.165868 0.641046
9 0.833613 0.532255 0.128024 0.41892
65 0.474213 0.332154 0.0486543 0.127539
56 0.574951 0.671212 0.0906596 0.380154
41 0.481037 0.309772 0.0582699 0.0877758
25 0.350922 0.799896 0.0414345 0.300103
56 0.660786 0.658739 0.121325 0.46303
56 0.272388 0.766762 0.198774 0.361667
41 0.478248 0.293088 0.0508509 0.0533769
56 0.610465 0.687369 0.152523 0.425722
56 0.127459 0.730688 0.106994 0.290997
56 0.192403 0.771305 0.0544819 0.36587
36 0.19813 0.785525 0.0439863 0.358995
