0 0.529414 0.495917 0.323542 0.927553
2 0.191446 0.520071 0.381888 0.436239
7 0.881279 0.458198 0.235973 0.508512
0 0.671756 0.452818 0.0652454 0.293834
9 0.651598 0.0935996 0.0594053 0.16096
0 0.738067 0.444291 0.0937498 0.366997
2 0.361926 0.469515 0.169303 0.241762
26 0.480449 0.438013 0.0910267 0.229184
2 0.15763 0.312521 0.151481 0.137389
0 0.225876 0.350953 0.0454932 0.101278
26 0.483987 0.399151 0.103107 0.301741
0 0.627577 0.445587 0.0378561 0.28358
26 0.480565 0.481934 0.0916668 0.131726
2 0.348573 0.379027 0.141808 0.113855
26 0.460363 0.394109 0.140571 0.453449
0 0.626994 0.424643 0.0310196 0.221391
2 0.119761 0.31234 0.0720937 0.0741666
0 0.232076 0.361191 0.0591447 0.124484
0 0.624059 0.392894 0.030023 0.153235
0 0.767722 0.352502 0.0445887 0.144463
2 0.348363 0.51927 0.141113 0.245875
24 0.475511 0.364905 0.114107 0.393437
0 0.73502 0.403581 0.0841858 0.282064
0 0.241163 0.380865 0.0754808 0.0945655
2 0.474196 0.490754 0.396932 0.293273
0 0.790195 0.337246 0.0203892 0.0616005
24 0.466525 0.411418 0.132333 0.492244
0 0.642346 0.45243 0.0603357 0.288052
