0 0.633785 0.754562 0.154205 0.477936
0 0.277848 0.709462 0.13875 0.42522
0 0.500511 0.717443 0.18477 0.552569
0 0.0612965 0.552932 0.0380394 0.143138
0 0.0979449 0.558023 0.0298267 0.130113
0 0.214334 0.551271 0.0342797 0.141003
9 0.660171 0.10249 0.0268164 0.0806005
9 0.632663 0.0998851 0.017395 0.0846062
2 0.76573 0.523755 0.0849421 0.0572711
0 0.986411 0.556512 0.0257646 0.101471
0 0.83066 0.527469 0.0169624 0.0649126
0 0.700512 0.545745 0.0260542 0.107722
0 0.695487 0.543578 0.0339296 0.108904
24 0.41786 0.708098 0.0642179 0.172259
9 0.640771 0.0990126 0.0361663 0.0865989
0 0.686502 0.542465 0.0305989 0.102579
0 0.391576 0.533975 0.0180665 0.07468
7 0.574627 0.513657 0.0362603 0.0517717
1 0.0123243 0.605212 0.0246023 0.0730543
2 0.630755 0.50887 0.0334115 0.0280764
0 0.192642 0.542502 0.023082 0.108458
0 0.833784 0.527609 0.0160691 0.0619539
0 0.426786 0.52992 0.0196909 0.0689458
0 0.421398 0.530831 0.0165173 0.070131
0 0.862173 0.530885 0.0130021 0.0471709
0 0.7037 0.546743 0.0206737 0.0988608
26 0.314976 0.69506 0.0599421 0.137245
0 0.379331 0.531176 0.0135646 0.0715231
2 0.572545 0.514288 0.0399587 0.0522246
0 0.858368 0.530528 0.00925411 0.0456462
2 0.627491 0.515217 0.0392601 0.0377622
0 0.8649 0.532729 0.0118534 0.0473392
9 0.118726 0.452222 0.0134494 0.0295759
0 0.919974 0.511129 0.0159488 0.0431038
26 0.416706 0.709597 0.0616857 0.180434
0 0.717422 0.530357 0.0174146 0.0608139
0 0.394581 0.542712 0.013262 0.0594212
67 0.572784 0.644276 0.0503115 0.0386043
0 0.90414 0.508953 0.0128364 0.0495203
2 0.970111 0.537847 0.0508255 0.0708948
2 0.961784 0.536977 0.0373062 0.0663657
0 0.845807 0.525077 0.0135289 0.0479394
2 0.615185 0.519373 0.0191574 0.0431443
9 0.7528 0.403029 0.0163466 0.0266804
0 0.714105 0.525923 0.0197643 0.0567774
0 0.70984 0.526929 0.0178295 0.0612379
0 0.935783 0.511042 0.0170555 0.0374843
2 0.663234 0.520262 0.0204528 0.0324516
2 0.781043 0.523094 0.0550537 0.0557788
9 0.567061 0.413981 0.010658 0.0261359
9 0.417131 0.429093 0.0120212 0.0229917
0 0.938521 0.51247 0.0159805 0.034331
0 0.195635 0.513529 0.018071 0.0483423
24 0.444831 0.691773 0.118561 0.216212
2 0.966627 0.513859 0.0359707 0.0283491
0 0.683142 0.559889 0.0227701 0.0709451
0 0.912576 0.511932 0.0117504 0.0412272
24 0.464406 0.677627 0.155005 0.24789
26 0.294345 0.685158 0.0835925 0.166785
0 0.720933 0.532802 0.0165727 0.0598509
0 0.386794 0.535963 0.0186887 0.0670893
26 0.641392 0.703194 0.0917164 0.24389
2 0.64059 0.515554 0.0594709 0.0444471
0 0.542661 0.522385 0.0138574 0.0387055
0 0.906953 0.509104 0.0121584 0.0492823
2 0.580195 0.513955 0.0476554 0.0513565
0 0.190859 0.555042 0.0191747 0.0835875
