14 0.539829 0.706747 0.151704 0.309738
14 0.64967 0.636565 0.035737 0.0601856
14 0.609071 0.701498 0.01616 0.0502185
14 0.742387 0.674285 0.0393538 0.06654
14 0.544543 0.786634 0.0283587 0.046366
14 0.597198 0.815836 0.0534898 0.0718467
14 0.509885 0.931759 0.0270041 0.127975
14 0.716873 0.626521 0.0137955 0.0304092
14 0.872148 0.793101 0.0190087 0.0410477
14 0.689734 0.64405 0.0181053 0.0158118
14 0.58695 0.483131 0.0182574 0.0285372
14 0.571765 0.528749 0.0198182 0.0294994
13 0.515541 0.493758 0.966133 0.987517
14 0.713632 0.723925 0.0204452 0.0339007
14 0.625926 0.495086 0.024938 0.0220954
14 0.549801 0.781271 0.037906 0.0568866
14 0.4639 0.500989 0.0198354 0.0424515
14 0.731819 0.879994 0.0124924 0.0187598
14 0.641227 0.878275 0.0254663 0.0255332
14 0.502257 0.553299 0.0165377 0.0325564
14 0.50834 0.908797 0.0243378 0.0823363
14 0.543707 0.486092 0.0167141 0.0284071
14 0.594223 0.730691 0.017996 0.0173079
14 0.713754 0.936101 0.0403953 0.0241704
14 0.639781 0.916826 0.014468 0.0226288
14 0.668499 0.91313 0.0150506 0.0226671
14 0.522917 0.522932 0.0158736 0.0180887
14 0.555985 0.945173 0.0210319 0.0189008
