0 0.770843 0.494446 0.457569 0.977315
0 0.357038 0.491707 0.698634 0.980145
0 0.619729 0.499941 0.760543 0.979195
0 0.158335 0.472873 0.316473 0.945746
76 0.531398 0.492412 0.191184 0.471505
0 0.58922 0.513368 0.459475 0.932387
67 0.602446 0.41754 0.134649 0.243078
0 0.158672 0.243693 0.316395 0.487385
26 0.319873 0.45538 0.16162 0.507034
56 0.58773 0.948965 0.179353 0.0949729
26 0.223474 0.77415 0.0785211 0.419401
26 0.315799 0.366527 0.152392 0.332464
0 0.0102827 0.391559 0.0204158 0.306829
43 0.538466 0.488956 0.213872 0.472679
