0 0.716029 0.495984 0.557212 0.983772
0 0.404672 0.526532 0.326286 0.909576
67 0.500038 0.438446 0.0955055 0.151537
24 0.420469 0.719567 0.275705 0.536254
26 0.349945 0.584219 0.222013 0.428187
67 0.488629 0.41806 0.0337241 0.115968
67 0.513476 0.446937 0.0884157 0.16659
26 0.36893 0.642983 0.260283 0.549569
24 0.413447 0.586565 0.2887 0.801228
24 0.354774 0.629285 0.230675 0.510379
67 0.497054 0.439286 0.0260031 0.0973743
67 0.484595 0.420892 0.0270693 0.0968898
56 0.417816 0.777545 0.271469 0.438321
