0 0.423431 0.585087 0.446366 0.769252
0 0.231141 0.638899 0.462281 0.699887
0 0.751135 0.632773 0.463148 0.719388
0 0.47641 0.382486 0.117917 0.22957
0 0.587623 0.346673 0.166771 0.305434
0 0.490761 0.455137 0.198092 0.364217
0 0.161629 0.641507 0.32287 0.696594
24 0.0891442 0.783856 0.178288 0.415376
0 0.501303 0.411117 0.172657 0.283621
0 0.426873 0.70255 0.441698 0.569773
0 0.495787 0.535873 0.210384 0.549584
0 0.490557 0.722915 0.31432 0.527792
0 0.401352 0.425564 0.372879 0.419369
0 0.663632 0.617746 0.640644 0.74321
0 0.533178 0.591881 0.2808 0.781396
0 0.575904 0.387723 0.144833 0.384757
