0 0.777523 0.655657 0.348136 0.602352
0 0.607522 0.47888 0.626684 0.943872
0 0.419783 0.219048 0.259549 0.40237
0 0.211175 0.412354 0.292556 0.781848
0 0.19727 0.678245 0.394512 0.459606
0 0.287011 0.460993 0.431884 0.880279
0 0.455267 0.680875 0.608477 0.47228
0 0.276385 0.675655 0.244383 0.456103
0 0.537958 0.496396 0.480296 0.838584
0 0.401758 0.16448 0.224826 0.302346
0 0.384855 0.132174 0.180642 0.229508
0 0.420945 0.29766 0.267446 0.557047
0 0.682447 0.250661 0.451287 0.483446
0 0.382567 0.469845 0.646246 0.90431
0 0.427198 0.471292 0.277728 0.893115
0 0.315036 0.67762 0.365572 0.458666
0 0.616696 0.316012 0.594926 0.616567
0 0.534522 0.658778 0.471687 0.520036
