0 0.152167 0.50586 0.304035 0.969466
0 0.668391 0.608296 0.435555 0.771254
39 0.326252 0.68721 0.028999 0.107364
39 0.243976 0.416669 0.0338553 0.138854
39 0.390772 0.146302 0.0372236 0.159183
39 0.306609 0.408272 0.040058 0.165193
39 0.37062 0.668442 0.0283212 0.126411
39 0.418245 0.671512 0.031719 0.138479
39 0.366282 0.409893 0.0361994 0.145122
27 0.126423 0.496506 0.0408062 0.22741
39 0.263904 0.15677 0.0340567 0.1321
39 0.334662 0.148373 0.0355779 0.150863
60 0.552384 0.915472 0.545745 0.162781
65 0.496253 0.389124 0.0991785 0.147179
56 0.483291 0.787347 0.0631787 0.131533
39 0.446489 0.142768 0.0383064 0.151033
39 0.56753 0.800586 0.0655636 0.119577
39 0.350338 0.674383 0.0208726 0.13325
63 0.483306 0.786648 0.064269 0.129783
60 0.541317 0.834143 0.534111 0.319539
41 0.624226 0.918066 0.0673168 0.163868
39 0.396211 0.669571 0.0271625 0.143093
67 0.491825 0.358317 0.0902481 0.0858924
60 0.460868 0.918748 0.30262 0.159388
41 0.56722 0.809471 0.0668739 0.13919
39 0.283177 0.696396 0.0342973 0.089776
41 0.393581 0.847554 0.033132 0.059632
39 0.252475 0.695139 0.0360696 0.0864036
