0 0.237798 0.500053 0.470456 0.962852
20 0.639033 0.527268 0.372034 0.921613
0 0.417951 0.540457 0.223076 0.894389
0 0.848887 0.495961 0.301946 0.975206
0 0.0659352 0.539691 0.13187 0.782084
20 0.838053 0.494256 0.323894 0.98419
0 0.633487 0.527877 0.360489 0.931064
20 0.725049 0.500923 0.549903 0.965142
0 0.445917 0.492284 0.303293 0.972703
0 0.0579859 0.438254 0.115614 0.566787
20 0.913287 0.212236 0.17305 0.424473
0 0.756515 0.145027 0.156304 0.27946
0 0.921474 0.522717 0.156609 0.680435
20 0.910352 0.492065 0.178167 0.9797
0 0.591177 0.254157 0.267053 0.411501
