0 0.776083 0.602323 0.424236 0.769153
0 0.386564 0.59925 0.463947 0.778088
0 0.656844 0.617774 0.227014 0.741033
0 0.488653 0.411861 0.174763 0.412838
41 0.0673939 0.78599 0.037852 0.0945579
56 0.49249 0.816067 0.0873878 0.187989
0 0.510204 0.560198 0.213963 0.709428
60 0.0929584 0.865155 0.184581 0.25002
60 0.0931239 0.811137 0.186248 0.146421
56 0.429461 0.862446 0.064986 0.267697
41 0.0924321 0.735644 0.0373078 0.0785246
56 0.454535 0.856802 0.115127 0.271727
41 0.0624768 0.785958 0.027098 0.0922231
45 0.123672 0.787539 0.0783427 0.0507501
56 0.516188 0.536331 0.0613283 0.0990167
56 0.467157 0.823528 0.137613 0.208514
60 0.0928355 0.803003 0.185671 0.371678
75 0.153331 0.373689 0.0472026 0.0823384
