0 0.775827 0.778713 0.193453 0.435707
0 0.569232 0.784346 0.187927 0.427376
0 0.430165 0.609387 0.0688034 0.332047
0 0.344047 0.84503 0.21058 0.308686
0 0.906292 0.809293 0.182318 0.374644
0 0.123642 0.576505 0.0645471 0.191436
0 0.652686 0.682911 0.0666967 0.298552
0 0.310397 0.663893 0.0895395 0.271887
0 0.204891 0.825433 0.16109 0.342812
0 0.0407133 0.685348 0.080094 0.367079
0 0.504341 0.639492 0.06892 0.285828
0 0.297419 0.516943 0.0591653 0.210104
0 0.703901 0.794912 0.0841114 0.391714
0 0.508423 0.605396 0.0607931 0.216016
9 0.470246 0.2183 0.0164108 0.0823423
0 0.927019 0.57129 0.082163 0.162211
0 0.91317 0.57082 0.0603819 0.160554
9 0.506442 0.235444 0.0185743 0.0951533
0 0.860592 0.602589 0.0736335 0.210007
0 0.341507 0.582617 0.0428885 0.144014
0 0.226447 0.576589 0.0521458 0.197986
0 0.418916 0.825627 0.0884689 0.32424
25 0.278437 0.332264 0.047382 0.0247144
0 0.731731 0.607552 0.0746317 0.178846
0 0.981149 0.570438 0.036984 0.216212
27 0.499934 0.611616 0.0394803 0.124803
0 0.363761 0.555822 0.0545488 0.234499
0 0.481868 0.629081 0.0482062 0.325294
0 0.0346951 0.844666 0.0689239 0.286746
0 0.880455 0.503462 0.0417843 0.153152
0 0.975199 0.523447 0.0490665 0.171978
0 0.1738 0.524769 0.0546541 0.139931
0 0.0225463 0.441826 0.0450926 0.140201
2 0.347726 0.341118 0.0452949 0.0348307
0 0.159559 0.685767 0.140119 0.303282
