0 0.68377 0.69898 0.141256 0.548329
0 0.103708 0.580059 0.170461 0.545904
2 0.0283351 0.361557 0.0565434 0.0771788
0 0.380641 0.504382 0.0851828 0.358727
0 0.849435 0.456768 0.0831326 0.305432
0 0.494725 0.54457 0.0930231 0.44503
9 0.302225 0.0557517 0.0299417 0.0902206
0 0.279356 0.497635 0.0840717 0.371726
0 0.436575 0.472743 0.0576706 0.304308
0 0.571143 0.473789 0.0676697 0.332014
24 0.684779 0.637659 0.0862203 0.201888
2 0.116062 0.352072 0.106737 0.108677
26 0.173371 0.587469 0.0585242 0.147027
0 0.624669 0.441375 0.0540096 0.253108
0 0.902604 0.380332 0.0285954 0.148744
0 0.242084 0.383619 0.0566657 0.205641
9 0.750405 0.170124 0.032641 0.070754
26 0.173629 0.540568 0.0658664 0.234462
26 0.308716 0.581618 0.034828 0.107216
0 0.699437 0.392631 0.0746372 0.163869
26 0.178797 0.570223 0.075266 0.173115
2 0.1428 0.350047 0.156879 0.103839
2 0.31574 0.340024 0.0444008 0.0545709
0 0.35492 0.368238 0.0475482 0.156764
0 0.190686 0.39672 0.046414 0.187305
26 0.158363 0.595355 0.0288872 0.126801
26 0.407678 0.570085 0.0345455 0.0734515
26 0.281157 0.438114 0.0420231 0.110893
0 0.787997 0.345239 0.0252021 0.0789654
9 0.409919 0.117751 0.0246569 0.040466
0 0.243595 0.355716 0.0538393 0.147678
0 0.779036 0.371843 0.0452741 0.135224
0 0.251308 0.346097 0.0382032 0.129995
2 0.207819 0.346663 0.0402155 0.0850647
0 0.787103 0.364296 0.0314345 0.119512
0 0.243104 0.439382 0.0579467 0.325043
2 0.208105 0.379942 0.0365212 0.148926
26 0.564059 0.409634 0.0461948 0.122208
9 0.321709 0.0554863 0.0498823 0.0863942
0 0.208558 0.381335 0.0324088 0.15112
0 0.209314 0.385 0.021456 0.15585
26 0.192766 0.531717 0.0589997 0.133495
26 0.56976 0.401185 0.0591948 0.136518
26 0.388261 0.459989 0.0483135 0.151795
26 0.558313 0.408033 0.035228 0.108589
26 0.156415 0.565514 0.0323093 0.188133
9 0.43128 0.221833 0.0159367 0.03432
26 0.499773 0.49129 0.0574221 0.135666
26 0.233614 0.399394 0.0345067 0.175922
0 0.353601 0.40506 0.0485018 0.226287
0 0.69423 0.377581 0.0570829 0.127142
26 0.198001 0.553514 0.0479988 0.0888794
26 0.558314 0.433321 0.034706 0.0917147
26 0.229613 0.444042 0.0252781 0.0884853
0 0.653744 0.397263 0.0323644 0.177912
26 0.586406 0.415423 0.0338671 0.107462
24 0.123383 0.442123 0.0953811 0.178488
0 0.405776 0.490304 0.0401364 0.335194
0 0.407989 0.346659 0.0232248 0.0899991
26 0.552203 0.586785 0.028859 0.0849037
26 0.879375 0.517383 0.0218994 0.0800646
26 0.401182 0.482571 0.0479885 0.260802
26 0.153673 0.54277 0.0401299 0.238947
26 0.554505 0.558757 0.0343874 0.141542
9 0.226723 0.190642 0.0218404 0.0630051
0 0.212973 0.395912 0.0270196 0.180155
26 0.169505 0.509931 0.0654784 0.321912
26 0.282896 0.447916 0.047725 0.151306
2 0.203463 0.393234 0.0445062 0.179612
9 0.886846 0.244241 0.0153067 0.0536212
26 0.581178 0.409671 0.0454071 0.12237
26 0.351663 0.438594 0.0426404 0.127407
0 0.18638 0.367484 0.03623 0.129374
