27 0.696964 0.618573 0.0408964 0.208909
0 0.829028 0.480029 0.341075 0.87076
0 0.489723 0.579345 0.2131 0.389135
0 0.705546 0.49952 0.284584 0.540133
0 0.639086 0.527151 0.418999 0.598113
63 0.421739 0.766612 0.2659 0.250784
0 0.608219 0.483996 0.0932071 0.253693
63 0.57615 0.747704 0.204104 0.283309
0 0.530509 0.506944 0.0896494 0.228599
0 0.821048 0.359127 0.139006 0.352978
71 0.462826 0.905976 0.844345 0.139607
71 0.286924 0.904956 0.492138 0.134372
71 0.243385 0.904695 0.400201 0.105932
71 0.206674 0.907418 0.313976 0.0905585
63 0.384528 0.764277 0.18912 0.242878
71 0.273374 0.901099 0.1821 0.0873163
71 0.227391 0.895437 0.272149 0.101865
0 0.776911 0.743463 0.231072 0.258913
0 0.520675 0.595837 0.277681 0.461413
0 0.8339 0.758991 0.3322 0.290426
41 0.396336 0.838506 0.0863782 0.0945254
63 0.500297 0.805983 0.122807 0.171252
60 0.514299 0.911909 0.96271 0.147952
0 0.495302 0.568802 0.160155 0.35047
63 0.494694 0.824937 0.109901 0.126432
0 0.845645 0.361529 0.156358 0.363554
0 0.580277 0.49009 0.150458 0.266955
71 0.464929 0.826958 0.850126 0.294909
