0 0.654102 0.640203 0.350367 0.695829
63 0.300549 0.642328 0.266538 0.260119
0 0.855592 0.59851 0.28796 0.784904
0 0.198264 0.566679 0.283049 0.848202
0 0.339427 0.236834 0.160778 0.473668
0 0.510252 0.479038 0.240371 0.784741
24 0.101454 0.457578 0.155303 0.330662
0 0.551576 0.462325 0.359012 0.751823
24 0.502456 0.943873 0.158135 0.11046
0 0.466152 0.522621 0.292535 0.865815
0 0.36264 0.619591 0.128215 0.738007
0 0.293497 0.55718 0.281322 0.849303
26 0.688921 0.885479 0.251488 0.211275
13 0.301568 0.797063 0.603135 0.393969
24 0.875874 0.743423 0.225943 0.334019
0 0.0996957 0.456236 0.158232 0.329024
0 0.325891 0.489699 0.211484 0.97018
26 0.883232 0.741228 0.233536 0.334835
67 0.521924 0.412268 0.0659084 0.026525
67 0.607239 0.763715 0.0458847 0.046809
