0 0.786235 0.607134 0.426109 0.764684
0 0.126396 0.595708 0.245827 0.736451
0 0.313401 0.350462 0.224748 0.548207
0 0.3831 0.644335 0.322184 0.686817
0 0.545888 0.299361 0.185032 0.379307
0 0.750757 0.357843 0.157761 0.403589
56 0.276317 0.917135 0.254037 0.151301
41 0.432689 0.536693 0.047756 0.109051
41 0.561957 0.510056 0.0547852 0.15101
60 0.592103 0.635225 0.323437 0.355405
56 0.933633 0.0672576 0.132369 0.13321
0 0.693731 0.372858 0.280337 0.431914
56 0.957673 0.467185 0.0842226 0.148086
41 0.451563 0.623242 0.0505372 0.102718
60 0.588799 0.710651 0.335054 0.512706
56 0.967829 0.866464 0.0632488 0.25634
56 0.06891 0.750418 0.13782 0.47348
56 0.676988 0.242185 0.0623263 0.324239
41 0.424088 0.532923 0.0668583 0.132549
56 0.0455777 0.749904 0.0911554 0.471209
41 0.55418 0.476894 0.0388433 0.0799417
56 0.470771 0.915186 0.121935 0.164933
27 0.737389 0.437363 0.0484884 0.186089
43 0.557075 0.716536 0.0414617 0.0504207
41 0.554418 0.491695 0.0397108 0.112123
56 0.735778 0.837962 0.167102 0.119295
56 0.958106 0.658068 0.0837874 0.538752
41 0.561538 0.536875 0.0510645 0.0959884
40 0.67801 0.484719 0.0350201 0.0644357
56 0.00911443 0.73662 0.0181282 0.436716
67 0.609519 0.592648 0.0298142 0.0382437
0 0.572838 0.439991 0.246414 0.665762
56 0.957916 0.510991 0.0837093 0.235711
67 0.624107 0.57045 0.0603926 0.0861454
43 0.49078 0.549143 0.0587925 0.0457572
56 0.838368 0.256509 0.32258 0.343278
41 0.426035 0.507184 0.0638965 0.177016
56 0.876452 0.855148 0.246335 0.275377
56 0.894565 0.464996 0.210005 0.149771
56 0.95982 0.349302 0.0794883 0.15878
57 0.836744 0.260213 0.324218 0.357727
56 0.672303 0.200426 0.0498256 0.235101
