0 0.810065 0.613203 0.371585 0.749941
0 0.45102 0.37822 0.266458 0.562575
0 0.5788 0.373772 0.210947 0.527092
0 0.311631 0.378323 0.340252 0.629798
60 0.465007 0.80911 0.635201 0.353464
56 0.0397352 0.742096 0.0792861 0.33858
67 0.551006 0.672009 0.0484861 0.0279419
56 0.164126 0.716612 0.328056 0.521171
58 0.86821 0.308272 0.090234 0.22979
57 0.154512 0.712624 0.308766 0.518197
58 0.851611 0.30718 0.127966 0.233261
56 0.112631 0.406248 0.083687 0.120473
65 0.621631 0.352959 0.0510714 0.0510315
56 0.0463605 0.77536 0.0927209 0.426436
56 0.24024 0.581351 0.178228 0.259524
65 0.656932 0.260612 0.0572224 0.050015
65 0.612893 0.35101 0.0358333 0.0489206
56 0.985891 0.359372 0.0274822 0.109934
13 0.802022 0.743769 0.392884 0.484146
65 0.618143 0.354457 0.0666397 0.0600402
