0 0.73749 0.666573 0.311544 0.648579
41 0.605729 0.661678 0.0397354 0.070681
0 0.522002 0.631858 0.19272 0.714126
56 0.822813 0.771674 0.270746 0.441478
0 0.107121 0.702659 0.214036 0.558946
58 0.962039 0.541185 0.075354 0.206804
0 0.368323 0.751933 0.331263 0.472048
41 0.501877 0.543015 0.0355326 0.0700978
41 0.456 0.743581 0.0457273 0.0964119
56 0.106961 0.882279 0.2136 0.218769
56 0.051797 0.87995 0.103564 0.224751
75 0.980428 0.601804 0.0374325 0.0837912
56 0.108473 0.736194 0.216946 0.508892
41 0.455827 0.719768 0.0440298 0.0479061
58 0.716897 0.518506 0.0662795 0.178743
56 0.384363 0.761259 0.367766 0.463126
45 0.456038 0.72179 0.0438047 0.0512841
58 0.2133 0.628377 0.12752 0.257333
56 0.437991 0.731431 0.330614 0.510975
